#
# pix, layerorside, ladderorblade, eta, irun  -> value
#

1         0             0        0.0  0.1     123456    234567         1.123
1         1             0        0.0  0.1     123456    234567         1.123
1         2             0        0.0  0.1     123456    234567         1.123
1         3             0        0.0  0.1     123456    234567         1.123
1         4             0        0.0  0.1     123456    234567         1.123
1         5             0        0.0  0.1     123456    234567         1.123
1         6             0        0.0  0.1     123456    234567         1.123
1         7             0        0.0  0.1     123456    234567         1.123
1         8             0        0.0  0.1     123456    234567         1.123
